Some((
    red: 0.486269,
    green: 0.7043348,
    blue: 0.747948,
))